     0/149     9.75G    0.1205   0.03561   0.03726    0.1934    0.3292         8       640         0         0         0         0     0.114   0.03439   0.03715
     1/149     9.71G    0.1155   0.03255   0.03726    0.1853   0.05406         5       640         0         0         0         0     0.111   0.03154   0.03694
     2/149     9.71G    0.1146   0.03008   0.03672    0.1814   0.04022        14       640         0         0         0         0    0.1075   0.02999   0.03687
     3/149     9.71G    0.1063   0.02796   0.03515    0.1694   0.03497        10       640  0.000266   0.01961 1.628e-05 1.628e-06     0.105   0.02844   0.03678
     4/149     9.71G    0.1065   0.02846    0.0359    0.1709   0.03063         6       640 0.0002204   0.03922 3.765e-05  7.53e-06    0.1013   0.02749   0.03665
     5/149     9.71G    0.1018   0.02741   0.03437    0.1635   0.02743         8       640 0.0002875   0.01961 4.631e-05 9.262e-06   0.09856   0.02682   0.03627
     6/149     9.71G    0.1047    0.0254   0.03573    0.1659   0.02535         4       640 0.0003956   0.01961  4.89e-05 7.262e-06   0.09606   0.02658   0.03587
     7/149     9.71G    0.1007   0.02465   0.03484    0.1602   0.02397        15       640 0.0005812   0.01961 8.649e-05 1.799e-05    0.0934   0.02608   0.03546
     8/149     9.71G   0.09646   0.02491    0.0336     0.155   0.02185        19       640  0.001711   0.01961 0.0002666 6.603e-05   0.09128   0.02591   0.03491
     9/149     9.71G    0.0978   0.02417   0.03462    0.1566   0.02034        10       640  0.002563   0.01961 0.0004884 6.616e-05   0.08879   0.02571   0.03389
    10/149     9.71G   0.09384   0.02417   0.03262    0.1506      0.02         8       640  0.002817   0.03922  0.001056 0.0001622   0.08807   0.02552   0.03345
    11/149     9.71G   0.09213   0.02455   0.03284    0.1495   0.01803        10       640  0.001671   0.01961  0.000695 0.0001114   0.08692   0.02538   0.03295
    12/149     9.71G   0.09176   0.02366   0.03244    0.1479    0.0173         9       640   0.00534   0.01961  0.001132 0.0002142   0.08585   0.02524   0.03246
    13/149     9.71G   0.09216   0.02462   0.03206    0.1488   0.01574        12       640   0.01363   0.03548  0.001745 0.0002679   0.08626   0.02473   0.03171
    14/149     9.71G   0.08837   0.02212   0.03097    0.1415   0.01542         8       640   0.01444   0.03175  0.004961 0.0009193   0.08166   0.02499   0.03134
    15/149     9.71G   0.08948   0.02181   0.03167     0.143   0.01492         5       640   0.00364    0.1164  0.001335 0.0003496   0.08338   0.02448   0.03081
    16/149     9.71G   0.08775   0.02268    0.0316     0.142   0.01431        13       640   0.02468   0.09524   0.01757  0.004069   0.07904   0.02495   0.03044
    17/149     9.71G   0.08304   0.02433   0.02869    0.1361   0.01432        10       640   0.03285   0.07937   0.02766  0.007866   0.07883   0.02477   0.03013
    18/149     9.71G   0.08309   0.02534   0.02866    0.1371   0.01364         5       640   0.04014   0.07937   0.02867  0.007515   0.07733   0.02477   0.02969
    19/149     9.71G   0.08253   0.02365   0.03039    0.1366   0.01336        10       640   0.04217   0.07937   0.02955  0.004786   0.07488   0.02493    0.0296
    20/149     9.71G   0.08096   0.02443   0.02942    0.1348   0.01337        12       640   0.02043     0.121   0.01103   0.00321   0.07518   0.02477   0.02917
    21/149     9.71G   0.08113   0.02235   0.02748     0.131   0.01314         9       640   0.02179    0.1369   0.02767  0.005473   0.07377   0.02486   0.02881
    22/149     9.71G   0.07772   0.02265   0.02727    0.1276   0.01266         9       640   0.02462    0.1369   0.02965  0.007673   0.07242   0.02492   0.02834
    23/149     9.71G   0.07492   0.02404   0.02696    0.1259   0.01234        19       640    0.7041    0.1111   0.03222  0.008687   0.06875   0.02522   0.02795
    24/149     9.71G   0.07497   0.02331   0.02637    0.1246   0.01228        12       640    0.7221    0.1582   0.06197    0.0176   0.06971   0.02489   0.02758
    25/149     9.71G   0.07283    0.0242    0.0256    0.1226   0.01213         6       640   0.08418    0.2017   0.07924   0.01483    0.0667   0.02512   0.02733
    26/149     9.71G   0.07346   0.02361     0.027    0.1241   0.01168        10       640   0.07166    0.2017   0.07784   0.02121   0.06567   0.02512   0.02693
    27/149     9.71G   0.07118   0.02256   0.02634    0.1201   0.01165         7       640    0.7672   0.09524     0.112    0.0386   0.06388   0.02521   0.02679
    28/149     9.71G   0.06886   0.02371   0.02557    0.1181   0.01158        12       640    0.1091    0.2386    0.1183   0.03388   0.06278   0.02523   0.02638
    29/149     9.71G   0.07003   0.02383   0.02618      0.12   0.01114         9       640     0.133    0.2592    0.1365   0.04474    0.0623   0.02517   0.02614
    30/149     9.71G   0.06763   0.02315   0.02499    0.1158   0.01096        12       640    0.8382   0.08449    0.1368   0.04486   0.06106   0.02514   0.02587
    31/149     9.71G   0.06789   0.02244   0.02443    0.1148   0.01102         6       640    0.1054    0.2972     0.133   0.04801   0.05992   0.02511   0.02569
    32/149     9.71G    0.0679   0.02518   0.02391     0.117   0.01093        12       640    0.1169    0.3485    0.1584   0.05757    0.0587   0.02519   0.02536
    33/149     9.71G   0.06817   0.02383   0.02361    0.1156   0.01081         8       640    0.7907    0.1587    0.1495   0.05883   0.05914   0.02489   0.02474
    34/149     9.71G    0.0651   0.02416   0.02216    0.1114    0.0108         9       640    0.7797     0.127    0.1391   0.04515   0.06153   0.02442    0.0241
    35/149     9.71G   0.06723   0.02385   0.02223    0.1133   0.01018         7       640     0.867    0.1111    0.1771   0.06271   0.05878   0.02434   0.02398
    36/149     9.71G   0.06482   0.02486   0.02201    0.1117   0.01048        11       640    0.9183    0.1587    0.2022   0.08209   0.05774   0.02431   0.02331
    37/149     9.71G   0.06371   0.02212    0.0221    0.1079   0.01062        11       640    0.9224    0.1587    0.2215   0.07048   0.05842   0.02401   0.02285
    38/149     9.71G   0.06356   0.02096   0.02162    0.1061   0.01034        17       640    0.8568    0.1746      0.19    0.0706   0.05895   0.02368   0.02234
    39/149     9.71G   0.06443   0.02301   0.02118    0.1086   0.01045         5       640    0.8144    0.1587    0.1852   0.05515   0.05916   0.02319   0.02203
    40/149     9.71G    0.0661   0.02175   0.01922    0.1071   0.01013         8       640    0.8459    0.1746    0.1988   0.07306   0.05692   0.02353   0.02142
    41/149     9.71G   0.06171   0.02229   0.02141    0.1054  0.009702         6       640    0.7975    0.1905    0.1858   0.06773   0.05607   0.02348   0.02085
    42/149     9.71G    0.0597   0.02031   0.01999       0.1  0.009579         8       640      0.81    0.1905    0.2081   0.06881   0.05628   0.02338   0.02042
    43/149     9.71G   0.06152    0.0218   0.01959    0.1029  0.009799        13       640    0.8069    0.1746    0.2037   0.05836   0.05742   0.02299   0.02008
    44/149     9.71G   0.06168   0.02114   0.01787    0.1007   0.00995         9       640    0.9031     0.127    0.2034   0.07271   0.05642   0.02303   0.01964
    45/149     9.71G   0.06156   0.02034   0.01784   0.09974  0.009881        14       640    0.8717    0.1269    0.2083   0.06126   0.05412   0.02313   0.01936
    46/149     9.71G   0.05979   0.02093   0.01862   0.09933  0.009693        12       640    0.8439    0.1262    0.1948   0.07508   0.05534   0.02275   0.01887
    47/149     9.71G    0.0612   0.01988   0.01811   0.09919  0.009509         8       640    0.9249    0.1111    0.2058   0.05038   0.05284   0.02291   0.01879
    48/149     9.71G   0.06033    0.0197    0.0182   0.09824  0.009593        12       640    0.8763     0.127    0.2097   0.06623   0.05235   0.02296   0.01874
    49/149     9.71G     0.056   0.02129   0.01902    0.0963  0.009473         7       640    0.8884     0.127    0.2217   0.08025   0.05195   0.02281    0.0183
    50/149     9.71G    0.0579   0.02058   0.01786   0.09633  0.009247         8       640    0.8865     0.127    0.2186   0.07594   0.05173   0.02265   0.01812
    51/149     9.71G   0.05464   0.01871   0.01778   0.09113  0.009294        10       640    0.8051    0.2063    0.2225   0.08287   0.05244   0.02239   0.01778
    52/149     9.71G   0.05298   0.02056   0.01585   0.08939  0.009136        11       640    0.5601    0.3249    0.2264   0.08764   0.05291    0.0222   0.01751
    53/149     9.71G   0.05632    0.0203   0.01686   0.09348  0.009139         8       640    0.1857    0.3959    0.2346   0.08185   0.05234   0.02208    0.0173
    54/149     9.71G   0.05544   0.02071   0.01532   0.09147  0.009168        18       640    0.1642    0.3445    0.2024    0.0709   0.05052   0.02206   0.01697
    55/149     9.71G   0.05411   0.01859   0.01592   0.08861  0.009019        13       640    0.2142    0.3763     0.224   0.07365   0.05149   0.02175    0.0169
    56/149     9.71G   0.05401   0.01878   0.01543   0.08822  0.009099        14       640     0.226    0.3722    0.2603   0.09823    0.0497   0.02182   0.01649
    57/149     9.71G   0.05612   0.02061   0.01577   0.09251  0.008836         8       640    0.2911      0.38    0.2751     0.103   0.04972   0.02171   0.01627
    58/149     9.71G   0.05567   0.01961    0.0156   0.09088   0.00873        13       640    0.2788     0.359     0.291    0.1088   0.04824   0.02161   0.01598
    59/149     9.71G    0.0529    0.0203   0.01586   0.08906  0.008691        11       640     0.318    0.3959     0.289     0.122   0.04807   0.02152   0.01567
    60/149     9.71G   0.05319    0.0191   0.01579   0.08808  0.008867        16       640     0.404    0.3471    0.2854    0.0955   0.05019   0.02103   0.01532
    61/149     9.71G   0.05387   0.02032   0.01705   0.09123  0.008844        16       640    0.7396    0.3641    0.2938    0.1147   0.04825   0.02096   0.01504
    62/149     9.71G   0.05336   0.01925   0.01587   0.08849  0.008834         5       640    0.6844      0.38    0.3497    0.1346   0.05009   0.02051   0.01487
    63/149     9.71G   0.05324   0.01837   0.01321   0.08483  0.008851         8       640    0.6812      0.38    0.3389    0.1362   0.04877   0.02035   0.01463
    64/149     9.71G   0.05107   0.01948   0.01391   0.08446  0.008826        12       640      0.69      0.38     0.343    0.1211   0.04812   0.02029   0.01431
    65/149     9.71G   0.05255   0.01812   0.01433     0.085  0.008894        11       640    0.6969    0.4072    0.3613    0.1443   0.04931   0.01999   0.01387
    66/149     9.71G   0.05332   0.01933   0.01318   0.08582  0.008682        11       640    0.6877    0.3959    0.2972    0.1088   0.04888   0.01993    0.0137
    67/149     9.71G   0.05196   0.01965   0.01283   0.08445  0.008632        10       640     0.711    0.4118    0.3631    0.1466   0.04878   0.01975   0.01349
    68/149     9.71G   0.05318    0.0181   0.01421   0.08549  0.008755        10       640    0.6759      0.38    0.3065    0.1259   0.04835   0.01974   0.01327
    69/149     9.71G   0.05172   0.01786   0.01197   0.08155  0.008756        14       640    0.7143    0.3959    0.3668    0.1444   0.04893   0.01946   0.01315
    70/149     9.71G   0.05551   0.01857   0.01383    0.0879  0.008475        10       640    0.6325      0.38     0.314    0.1235   0.04764   0.01944   0.01318
    71/149     9.71G   0.05183   0.01799   0.01193   0.08175  0.008857         5       640    0.6755    0.3788    0.3674    0.1467   0.04782   0.01935   0.01308
    72/149     9.71G    0.0498   0.01939   0.01234   0.08154   0.00851        10       640    0.6978    0.3956    0.3802    0.1442    0.0476   0.01932   0.01295
    73/149     9.71G   0.04741   0.01754   0.01126    0.0762  0.008396         8       640    0.7278    0.3959    0.3961    0.1676    0.0479   0.01906    0.0127
    74/149     9.71G   0.04989   0.01826   0.01273   0.08087  0.008379         6       640    0.7604    0.3377    0.3565     0.116   0.04811   0.01888   0.01254
    75/149     9.71G   0.04917   0.01758   0.01247   0.07922  0.008703        10       640    0.7759      0.38    0.4255    0.1721   0.04727    0.0189    0.0125
    76/149     9.71G   0.05033   0.01742   0.01202   0.07977  0.008249        11       640    0.7858    0.3363    0.3886    0.1426   0.04789    0.0186   0.01254
    77/149     9.71G   0.05045   0.01668   0.01104   0.07816  0.008251        12       640     0.717    0.4264     0.423    0.1757   0.04761   0.01847   0.01226
    78/149     9.71G    0.0501   0.01581   0.01065   0.07656  0.008149        11       640    0.7311    0.3875    0.3823    0.1541   0.04754   0.01828   0.01212
    79/149     9.71G   0.05085   0.01737   0.01119   0.07941  0.008579         8       640    0.7217    0.4026    0.4107    0.1865   0.04673   0.01833   0.01194
    80/149     9.71G    0.0512   0.01742   0.01202   0.08064  0.008599        14       640     0.707    0.4034    0.4142     0.168   0.04677   0.01816   0.01171
    81/149     9.71G   0.04808   0.01652   0.01246   0.07705  0.007995        10       640    0.7404    0.3641    0.4535    0.1585   0.04731   0.01813    0.0116
    82/149     9.71G   0.04665   0.01753   0.01099   0.07517  0.008435         8       640    0.7734    0.3971    0.4713    0.1753   0.04657   0.01814   0.01139
    83/149     9.71G   0.04555    0.0172   0.01101   0.07375  0.008167        12       640     0.681    0.4223    0.4343    0.1987   0.04576   0.01805   0.01115
    84/149     9.71G   0.04646   0.01577   0.01022   0.07245  0.008099         9       640     0.706    0.4384    0.4254    0.1559   0.04656   0.01795   0.01102
    85/149     9.71G   0.04892   0.01663   0.01178   0.07733  0.008283        11       640    0.7216    0.4224    0.4307    0.1685   0.04395   0.01801   0.01066
    86/149     9.71G    0.0472   0.01645   0.01021   0.07386  0.008385         9       640    0.7469     0.407    0.3943    0.1439   0.04412   0.01801   0.01061
    87/149     9.71G   0.04755   0.01536   0.01087   0.07378  0.007942         8       640    0.6873    0.4388    0.4295    0.1573   0.04233   0.01804   0.01055
    88/149     9.71G   0.04716   0.01703   0.01015   0.07434  0.008041        12       640    0.7847    0.4388    0.4626     0.169   0.04256   0.01797   0.01045
    89/149     9.71G   0.04737   0.01516  0.009839   0.07237  0.008147        11       640    0.7178    0.4388    0.4387    0.1561   0.04234   0.01789   0.01025
    90/149     9.71G   0.04716   0.01626   0.01027    0.0737  0.008092         9       640    0.8495    0.4124    0.4711    0.1692   0.04263   0.01778  0.009977
    91/149     9.71G   0.04533   0.01693   0.01003   0.07228  0.007932        16       640    0.7634     0.423    0.4772    0.1742   0.04262    0.0176  0.009897
    92/149     9.71G   0.04544    0.0157   0.00962   0.07075   0.00815        13       640    0.8108    0.3912    0.4219    0.1644   0.04464   0.01723  0.009579
    93/149     9.71G   0.04712   0.01685   0.01055   0.07452  0.007969        13       640    0.8215     0.423    0.4562    0.1816   0.04573   0.01696  0.009466
    94/149     9.71G     0.045   0.01567  0.007923   0.06859  0.007825        12       640    0.8032     0.423    0.5133    0.1972   0.04529   0.01691  0.009391
    95/149     9.71G   0.04564   0.01442  0.009326   0.06938  0.008011         9       640    0.8117    0.4069    0.4744    0.2057   0.04494   0.01691  0.009272
    96/149     9.71G   0.04687   0.01642   0.00845   0.07174  0.007764         7       640    0.8188    0.4071    0.4769    0.1931   0.04585   0.01689  0.009279
    97/149     9.71G   0.04553   0.01504  0.008417   0.06898  0.007983         4       640    0.7973     0.407     0.495    0.1875   0.04612   0.01677  0.009157
    98/149     9.71G   0.04537   0.01412  0.007447   0.06694   0.00812        12       640    0.4321    0.6415     0.551    0.2184   0.04378    0.0168  0.009191
    99/149     9.71G   0.04669   0.01587  0.009799   0.07236  0.007978        11       640    0.8379    0.4068    0.5278    0.2116   0.04456   0.01667  0.009026
   100/149     9.71G   0.04554   0.01681  0.008411   0.07077  0.007773        13       640    0.4751    0.6324    0.5821    0.2148    0.0434    0.0166  0.009058
   101/149     9.71G    0.0434   0.01427  0.007471   0.06514  0.008007         5       640    0.4926    0.6154    0.5952    0.2081   0.04339   0.01649  0.009065
   102/149     9.71G   0.04477    0.0153  0.008322   0.06839  0.008101        11       640    0.4985    0.6512    0.6104    0.2154   0.04238   0.01657   0.00908
   103/149     9.71G   0.04476   0.01462  0.009033   0.06841  0.007909         8       640    0.4756    0.6361    0.5664    0.2082    0.0425   0.01649  0.008921
   104/149     9.71G   0.04373   0.01634  0.007954   0.06803  0.007784         6       640    0.4238     0.674    0.6001    0.2341   0.04265   0.01642  0.008839
   105/149     9.71G   0.04441   0.01497  0.008614   0.06799  0.008215         7       640    0.4804     0.676    0.5814    0.2122   0.04238   0.01636  0.008895
   106/149     9.71G   0.04271   0.01444  0.007197   0.06435  0.007947         8       640    0.4895    0.6568    0.6103    0.2215   0.04147   0.01648  0.008734
   107/149     9.71G   0.04457   0.01527  0.009182   0.06902  0.008118        19       640     0.493     0.673    0.6189    0.2316   0.04167   0.01646   0.00877
   108/149     9.71G   0.04342   0.01537  0.007321   0.06611   0.00794         9       640    0.4307    0.7611    0.6457    0.2287   0.04192   0.01632  0.008662
   109/149     9.71G   0.04343   0.01532  0.007306   0.06605  0.007787         2       640    0.4407     0.777    0.6539    0.2344   0.04283    0.0162  0.008583
   110/149     9.71G   0.04218   0.01499  0.007238   0.06441  0.007721         6       640    0.6305    0.6121    0.6278    0.2489   0.04296   0.01609  0.008532
   111/149     9.71G   0.04333   0.01466  0.007517   0.06551  0.008137        11       640    0.4958      0.76    0.6562    0.2429   0.04283    0.0161  0.008507
   112/149     9.71G   0.04352    0.0141  0.008162   0.06578  0.007875        11       640    0.5142    0.7574    0.6593    0.2389   0.04133   0.01611  0.008338
   113/149     9.71G   0.04241   0.01463  0.007144   0.06418   0.00789        14       640    0.6208    0.7147    0.6968    0.2586    0.0413   0.01605  0.008104
   114/149     9.71G   0.04448   0.01499  0.007053   0.06652  0.008032         9       640    0.6466     0.734    0.6987    0.2604   0.04127   0.01601  0.008068
   115/149     9.71G   0.04314   0.01293  0.008047   0.06412  0.007758         5       640    0.6392    0.7191    0.6763     0.266   0.04041   0.01606  0.007991
   116/149     9.71G   0.04316   0.01527  0.007432   0.06586  0.007609        10       640    0.6403    0.7194    0.6788    0.2681   0.04027   0.01594  0.007907
   117/149     9.71G   0.04214   0.01467  0.007389    0.0642  0.007774         9       640    0.6548    0.7343    0.6902    0.2705   0.04022   0.01589  0.007817
   118/149     9.71G   0.04214   0.01415  0.008703   0.06499  0.008082         8       640    0.6827    0.7353    0.6815    0.2704   0.04089   0.01577  0.007884
   119/149     9.71G   0.03953   0.01417  0.006929   0.06063  0.007748         8       640    0.6642    0.7015    0.6808    0.2704   0.04087    0.0157  0.007656
   120/149     9.71G   0.04172    0.0135  0.008918   0.06414  0.007643        15       640     0.597    0.7611    0.6811    0.2756   0.03999   0.01565  0.007538
   121/149     9.71G    0.0414   0.01415  0.007027   0.06258  0.007956        11       640     0.734    0.7165    0.7119    0.2627   0.04051   0.01561  0.007452
   122/149     9.71G   0.04141   0.01348   0.00694   0.06184  0.007812         8       640    0.6647    0.7157    0.7032    0.2836   0.04016   0.01559  0.007429
   123/149     9.71G   0.04112   0.01415  0.006763   0.06204  0.007825         8       640    0.6886    0.7346    0.7145    0.2757   0.04001   0.01552  0.007339
   124/149     9.71G   0.04004   0.01372  0.006748   0.06051  0.007724        11       640    0.6805    0.7147    0.7024    0.2709   0.03972   0.01544  0.007256
   125/149     9.71G   0.04252   0.01481  0.006241   0.06357   0.00751        17       640    0.7037    0.7549    0.7143    0.2836   0.03922   0.01536  0.007176
   126/149     9.71G   0.04085    0.0134  0.005875   0.06012  0.007689        14       640    0.6902    0.7342    0.6819    0.2752      0.04   0.01527   0.00721
   127/149     9.71G   0.03955   0.01327  0.005914   0.05874  0.007716        11       640    0.7464    0.7117    0.6984    0.2863   0.03976   0.01521  0.007083
   128/149     9.71G   0.03888   0.01256  0.005149   0.05659  0.007633        12       640    0.7318    0.6994    0.6828    0.2696   0.04032   0.01528  0.007084
   129/149     9.71G   0.03869   0.01253  0.005905   0.05712  0.007582        11       640    0.6225    0.8003      0.71    0.2897   0.03961    0.0152  0.007027
   130/149     9.71G   0.04252   0.01346   0.00577   0.06175  0.007751        13       640    0.6192    0.8003    0.6972    0.2878   0.03906   0.01516   0.00696
   131/149     9.71G   0.04176   0.01332  0.006124    0.0612   0.00748         7       640    0.6359    0.8003    0.7101    0.2848   0.03878   0.01505   0.00699
   132/149     9.71G   0.03961   0.01359  0.005732   0.05894  0.007928        15       640    0.6739    0.7353    0.6763    0.2841   0.03885   0.01496  0.006891
   133/149     9.71G   0.04046   0.01408  0.006494   0.06103   0.00751        18       640    0.6741    0.7622    0.7033    0.2843   0.03904   0.01493  0.006876
   134/149     9.71G   0.04004   0.01389  0.006388   0.06032  0.007537        10       640    0.6647    0.7603    0.7077    0.2956   0.03949   0.01487  0.006865
   135/149     9.71G   0.04033   0.01443  0.006373   0.06113  0.007552        14       640    0.6801    0.7774    0.7267    0.2926   0.04026   0.01476  0.006847
   136/149     9.71G   0.04003   0.01352  0.006562   0.06011  0.007305        16       640    0.6182    0.7549     0.693     0.293   0.04082   0.01477  0.006723
   137/149     9.71G   0.03993   0.01375  0.006647   0.06033  0.007473        15       640    0.6891    0.7955    0.7271    0.2804   0.04063   0.01479  0.006663
   138/149     9.71G   0.03908   0.01358  0.006546   0.05921  0.007839        11       640    0.6596     0.777    0.7043    0.2764   0.04021   0.01483  0.006686
   139/149     9.71G   0.03883   0.01353   0.00584   0.05821  0.007562        10       640    0.6617     0.777    0.7122    0.2948    0.0396   0.01481  0.006622
   140/149     9.71G   0.03907   0.01246  0.006377   0.05791  0.007706         6       640    0.6562     0.777    0.7026    0.2706   0.03985   0.01471  0.006654
   141/149     9.71G   0.04034   0.01409  0.006167    0.0606  0.007704         8       640    0.6865    0.7536    0.6932    0.2906   0.04003   0.01471  0.006658
   142/149     9.71G      0.04   0.01352  0.005878   0.05939  0.007556        11       640    0.6758    0.7966    0.7318    0.2861   0.04035   0.01467  0.006579
   143/149     9.71G   0.03987   0.01285  0.006301   0.05903  0.007447         9       640    0.6815    0.7954    0.7246    0.2797   0.04068   0.01464  0.006624
   144/149     9.71G   0.03923   0.01382  0.006765   0.05982  0.007619        12       640     0.668     0.777    0.7147    0.2817   0.04056   0.01465  0.006526
   145/149     9.71G   0.03911   0.01313  0.006897   0.05913  0.007671         9       640    0.6706     0.777    0.7199    0.2884   0.04028   0.01457  0.006455
   146/149     9.71G   0.04004   0.01331  0.004793   0.05814  0.007649         8       640     0.754    0.6649    0.6758    0.2702   0.04048    0.0145  0.006487
   147/149     9.71G   0.04057    0.0132  0.005755   0.05952  0.007553        13       640    0.7975    0.6738    0.7053     0.281   0.04005   0.01448  0.006455
   148/149     9.71G   0.03945   0.01346  0.005034   0.05795  0.007819         7       640     0.792     0.674     0.702    0.2893   0.04013   0.01448  0.006377
   149/149     9.71G   0.03945   0.01291  0.006377   0.05873  0.007489         8       640    0.8484    0.6736    0.7057    0.2903   0.03958   0.01441  0.006366
